"term","estimate","penalty"
"tfidf_text_mesh",14.1502740686125,0.0143844988828766
"tfidf_text_devic",6.40872234887835,0.0143844988828766
"tfidf_text_echelon",5.63817896861996,0.0143844988828766
"tfidf_text_sutur",5.13361325411177,0.0143844988828766
"tfidf_text_implant",5.00629279573729,0.0143844988828766
"tfidf_text_cathet",4.9276556949753,0.0143844988828766
"tfidf_text_idesign",4.78764330426003,0.0143844988828766
"tfidf_text_neuwav",4.78226918389493,0.0143844988828766
"tfidf_text_acclar",4.67329424615741,0.0143844988828766
"tfidf_text_medicaldevic",4.50209668142347,0.0143844988828766
"tfidf_text_robot",4.21246395114965,0.0143844988828766
"tfidf_text_defect",3.93820530350339,0.0143844988828766
"tfidf_text_medic",3.80878981311061,0.0143844988828766
"tfidf_text_monarch",3.79125734972647,0.0143844988828766
"tfidf_text_sat",3.78638026911242,0.0143844988828766
"tfidf_text_surgic",3.72825539316187,0.0143844988828766
"tfidf_text_carto",3.71416451665542,0.0143844988828766
"tfidf_text_prisma",3.64687054895375,0.0143844988828766
"tfidf_text_arrhythmia",3.50644033911432,0.0143844988828766
"tfidf_text_jnjmeddeviceuki",3.43936126918292,0.0143844988828766
"tfidf_text_simrankripalani",3.42300328502655,0.0143844988828766
"tfidf_text_ethicon",3.35399058147732,0.0143844988828766
"tfidf_text_varipuls",3.03019876314421,0.0143844988828766
"tfidf_text_attornei",2.96885369129081,0.0143844988828766
"tfidf_text_plussutur",2.91978434006926,0.0143844988828766
"tfidf_text_ablat",2.72224629589113,0.0143844988828766
"tfidf_text_cumberlegereview",2.62128423165984,0.0143844988828766
"tfidf_text_technologi",2.59323429643427,0.0143844988828766
"tfidf_text_firstdonoharm",2.5826682378853,0.0143844988828766
"tfidf_text_stapl",2.54805823381383,0.0143844988828766
"tfidf_text_csatsinc",2.52673468227831,0.0143844988828766
"tfidf_text_stryker",2.50492713147296,0.0143844988828766
"tfidf_text_asgbieg",2.41239679675317,0.0143844988828766
"tfidf_text_surgicaltrain",2.38092147065189,0.0143844988828766
"tfidf_text_linx",2.35614923933197,0.0143844988828766
"tfidf_text_woundclosur",2.3508645948962,0.0143844988828766
"tfidf_text_aberrometri",2.32445033631717,0.0143844988828766
"tfidf_text_pelvic",2.18860214185236,0.0143844988828766
"tfidf_text_roboticsurgeri",2.16837408786855,0.0143844988828766
"tfidf_text_pumpkin",2.15490296242813,0.0143844988828766
"tfidf_text_smokeevacu",2.10489348992784,0.0143844988828766
"tfidf_text_depui",1.9939818435342,0.0143844988828766
"tfidf_text_system",1.97805243874216,0.0143844988828766
"tfidf_text_reduc",1.8142554269033,0.0143844988828766
"tfidf_text_acuvu",1.80404233119366,0.0143844988828766
"tfidf_text_commonli",1.79265785471766,0.0143844988828766
"tfidf_text_estim",1.7415113891686,0.0143844988828766
"tfidf_text_orthopaed",1.73952696860609,0.0143844988828766
"tfidf_text_stapler",1.71013451181251,0.0143844988828766
"tfidf_text_closur",1.68592487929713,0.0143844988828766
"tfidf_text_infectionprevent",1.67568515559639,0.0143844988828766
"tfidf_text_sharjah",1.59760615672124,0.0143844988828766
"tfidf_text_afib",1.55505638222892,0.0143844988828766
"tfidf_text_heartlin",1.53796946484096,0.0143844988828766
"tfidf_text_focu",1.51805457246923,0.0143844988828766
"tfidf_text_bandaid",1.50047949079896,0.0143844988828766
"tfidf_text_vikingdiff",1.46765895330633,0.0143844988828766
"tfidf_text_herniamesh",1.4672078475421,0.0143844988828766
"tfidf_text_atrialfibril",1.43249956822829,0.0143844988828766
"tfidf_text_appl",1.39452933447409,0.0143844988828766
"tfidf_text_instrument",1.39140738902957,0.0143844988828766
"tfidf_text_map",1.3833192457803,0.0143844988828766
"tfidf_text_sutphin",1.36018311911511,0.0143844988828766
"tfidf_text_surgeon",1.34877248099754,0.0143844988828766
"tfidf_text_biosens",1.30204688629156,0.0143844988828766
"tfidf_text_medtron",1.28847297212544,0.0143844988828766
"tfidf_text_easili",1.2557901630892,0.0143844988828766
"tfidf_text_subiodesign",1.23860945005244,0.0143844988828766
"tfidf_text_tissu",1.22705835887459,0.0143844988828766
"tfidf_text_weahsn",1.1704335467902,0.0143844988828766
"tfidf_text_evid",1.12492053337294,0.0143844988828766
"tfidf_text_cagr",1.11916862934454,0.0143844988828766
"tfidf_text_chain",1.06810646461174,0.0143844988828766
"tfidf_text_arthroplasti",1.03979719385579,0.0143844988828766
"tfidf_text_advanc",1.02826069031142,0.0143844988828766
"tfidf_text_depuysynth",1.00896853350919,0.0143844988828766
"tfidf_text_ethilon",0.995468140864449,0.0143844988828766
"tfidf_text_catgut",0.990486409623234,0.0143844988828766
"tfidf_text_awschat",0.986374704493342,0.0143844988828766
"tfidf_text_vizigo",0.958906825455926,0.0143844988828766
"tfidf_text_bori",0.887082883431958,0.0143844988828766
"tfidf_text_contact",0.867601960094797,0.0143844988828766
"tfidf_text_robbielevac",0.834712663735917,0.0143844988828766
"tfidf_text_colorectalnext",0.761697889271028,0.0143844988828766
"tfidf_text_testimoni",0.754770533039914,0.0143844988828766
"tfidf_text_shame",0.739895171046851,0.0143844988828766
"tfidf_text_simul",0.724833250107786,0.0143844988828766
"tfidf_text_power",0.691720349587786,0.0143844988828766
"tfidf_text_anastomot",0.686283872365181,0.0143844988828766
"tfidf_text_edg",0.685257187083932,0.0143844988828766
"tfidf_text_knee",0.663312860085309,0.0143844988828766
"tfidf_text_us",0.650676979398268,0.0143844988828766
"tfidf_text_atrial",0.624137386857139,0.0143844988828766
"tfidf_text_yewandealimimd",0.584472105969324,0.0143844988828766
"tfidf_text_studi",0.579770696156809,0.0143844988828766
"tfidf_text_vicryl",0.57629963845099,0.0143844988828766
"tfidf_text_harmon",0.551435945684245,0.0143844988828766
"tfidf_text_jnjmeddevic",0.531645042790476,0.0143844988828766
"tfidf_text_surgeri",0.531117264576534,0.0143844988828766
"tfidf_text_hernia",0.514521589484547,0.0143844988828766
"tfidf_text_manufactur",0.513963184977828,0.0143844988828766
"tfidf_text_touch",0.490313447292806,0.0143844988828766
"tfidf_text_braun",0.473947300675184,0.0143844988828766
"tfidf_text_usual",0.450423855672233,0.0143844988828766
"tfidf_text_asgbi",0.430295960444081,0.0143844988828766
"tfidf_text_print",0.42229940775703,0.0143844988828766
"tfidf_text_medtech",0.393038707155584,0.0143844988828766
"tfidf_text_ergonom",0.359368719431908,0.0143844988828766
"tfidf_text_hand",0.325524099385538,0.0143844988828766
"tfidf_text_wearabl",0.315237110777856,0.0143844988828766
"tfidf_text_antimicrobi",0.290675977264305,0.0143844988828766
"tfidf_text_virginia",0.276010845005321,0.0143844988828766
"tfidf_text_theatresafeti",0.27404061995153,0.0143844988828766
"tfidf_text_trump",0.256959651954697,0.0143844988828766
"tfidf_text_case",0.238145477824198,0.0143844988828766
"tfidf_text_knot",0.237223351576442,0.0143844988828766
"tfidf_text_spread",0.235755591737016,0.0143844988828766
"tfidf_text_practic",0.174200206443781,0.0143844988828766
"tfidf_text_biosensewebst",0.147488661855518,0.0143844988828766
"tfidf_text_suction",0.130408663684273,0.0143844988828766
"tfidf_text_brendafulm",0.119573439834507,0.0143844988828766
"tfidf_text_california",0.106150562634594,0.0143844988828766
"tfidf_text_ultrason",0.0874110161839612,0.0143844988828766
"tfidf_text_surgicalstapl",0.0785566789518799,0.0143844988828766
"tfidf_text_balloon",0.0694209830413626,0.0143844988828766
"tfidf_text_detect",0.0658761365104776,0.0143844988828766
"tfidf_text_blade",0.0607618366998561,0.0143844988828766
"tfidf_text_environ",0.0605332794523668,0.0143844988828766
"tfidf_text_microwav",0.0601346010745353,0.0143844988828766
"tfidf_text_india",0.0312516032955646,0.0143844988828766
"tfidf_text_recal",0.023326191872343,0.0143844988828766
"tfidf_text_product",0.0225325703841268,0.0143844988828766
"tfidf_text_epeep",0.0140923518899063,0.0143844988828766
"tfidf_text_reach",0.0134727688206481,0.0143844988828766
"tfidf_text_women",0.00826833360845069,0.0143844988828766
"tfidf_text_panel",0.0059494639890723,0.0143844988828766
"tfidf_text_consid",0.00534561298717954,0.0143844988828766
"tfidf_text_procedur",0.0016334891172645,0.0143844988828766
"tfidf_text_edward",0.00132252765075329,0.0143844988828766
"tfidf_text_wavefront",0.000902418312050549,0.0143844988828766
"tfidf_text_ty",0.000512982543101125,0.0143844988828766
"tfidf_text_wavescan",3.46263711081866e-13,0.0143844988828766
"tfidf_text_abigail",0,0.0143844988828766
"tfidf_text_abnb",0,0.0143844988828766
"tfidf_text_access",0,0.0143844988828766
"tfidf_text_accord",0,0.0143844988828766
"tfidf_text_across",0,0.0143844988828766
"tfidf_text_action",0,0.0143844988828766
"tfidf_text_addict",0,0.0143844988828766
"tfidf_text_admiss",0,0.0143844988828766
"tfidf_text_affect",0,0.0143844988828766
"tfidf_text_africa",0,0.0143844988828766
"tfidf_text_agbecerra",0,0.0143844988828766
"tfidf_text_agre",0,0.0143844988828766
"tfidf_text_airport",0,0.0143844988828766
"tfidf_text_akita",0,0.0143844988828766
"tfidf_text_alex",0,0.0143844988828766
"tfidf_text_alleg",0,0.0143844988828766
"tfidf_text_along",0,0.0143844988828766
"tfidf_text_alreadi",0,0.0143844988828766
"tfidf_text_also",0,0.0143844988828766
"tfidf_text_alwai",0,0.0143844988828766
"tfidf_text_amaz",0,0.0143844988828766
"tfidf_text_ambassador",0,0.0143844988828766
"tfidf_text_analysi",0,0.0143844988828766
"tfidf_text_announc",0,0.0143844988828766
"tfidf_text_anoth",0,0.0143844988828766
"tfidf_text_anti",0,0.0143844988828766
"tfidf_text_antibacteri",0,0.0143844988828766
"tfidf_text_antibacterialsutur",0,0.0143844988828766
"tfidf_text_anymor",0,0.0143844988828766
"tfidf_text_appeal",0,0.0143844988828766
"tfidf_text_appli",0,0.0143844988828766
"tfidf_text_appoint",0,0.0143844988828766
"tfidf_text_appropri",0,0.0143844988828766
"tfidf_text_approv",0,0.0143844988828766
"tfidf_text_apullyblank",0,0.0143844988828766
"tfidf_text_area",0,0.0143844988828766
"tfidf_text_around",0,0.0143844988828766
"tfidf_text_arrythmia",0,0.0143844988828766
"tfidf_text_artificialintellig",0,0.0143844988828766
"tfidf_text_assist",0,0.0143844988828766
"tfidf_text_associ",0,0.0143844988828766
"tfidf_text_atom",0,0.0143844988828766
"tfidf_text_august",0,0.0143844988828766
"tfidf_text_aurishealth",0,0.0143844988828766
"tfidf_text_australia",0,0.0143844988828766
"tfidf_text_australian",0,0.0143844988828766
"tfidf_text_avail",0,0.0143844988828766
"tfidf_text_avaulta",0,0.0143844988828766
"tfidf_text_award",0,0.0143844988828766
"tfidf_text_backthefrontlin",0,0.0143844988828766
"tfidf_text_baltimor",0,0.0143844988828766
"tfidf_text_band",0,0.0143844988828766
"tfidf_text_bard",0,0.0143844988828766
"tfidf_text_base",0,0.0143844988828766
"tfidf_text_behind",0,0.0143844988828766
"tfidf_text_believ",0,0.0143844988828766
"tfidf_text_bellweth",0,0.0143844988828766
"tfidf_text_benefit",0,0.0143844988828766
"tfidf_text_best",0,0.0143844988828766
"tfidf_text_better",0,0.0143844988828766
"tfidf_text_biotech",0,0.0143844988828766
"tfidf_text_bjzgnwbvdt",0,0.0143844988828766
"tfidf_text_black",0,0.0143844988828766
"tfidf_text_bleed",0,0.0143844988828766
"tfidf_text_blog",0,0.0143844988828766
"tfidf_text_blue",0,0.0143844988828766
"tfidf_text_board",0,0.0143844988828766
"tfidf_text_bodi",0,0.0143844988828766
"tfidf_text_bone",0,0.0143844988828766
"tfidf_text_boston",0,0.0143844988828766
"tfidf_text_brav",0,0.0143844988828766
"tfidf_text_break",0,0.0143844988828766
"tfidf_text_bring",0,0.0143844988828766
"tfidf_text_brochur",0,0.0143844988828766
"tfidf_text_btetweet",0,0.0143844988828766
"tfidf_text_build",0,0.0143844988828766
"tfidf_text_busi",0,0.0143844988828766
"tfidf_text_cadi",0,0.0143844988828766
"tfidf_text_call",0,0.0143844988828766
"tfidf_text_canada",0,0.0143844988828766
"tfidf_text_cancer",0,0.0143844988828766
"tfidf_text_cardiac",0,0.0143844988828766
"tfidf_text_cardiotwitt",0,0.0143844988828766
"tfidf_text_care",0,0.0143844988828766
"tfidf_text_career",0,0.0143844988828766
"tfidf_text_carlivatiron",0,0.0143844988828766
"tfidf_text_cathyckobisk",0,0.0143844988828766
"tfidf_text_caus",0,0.0143844988828766
"tfidf_text_celebr",0,0.0143844988828766
"tfidf_text_center",0,0.0143844988828766
"tfidf_text_chanc",0,0.0143844988828766
"tfidf_text_chang",0,0.0143844988828766
"tfidf_text_chart",0,0.0143844988828766
"tfidf_text_chcnewsflash",0,0.0143844988828766
"tfidf_text_check",0,0.0143844988828766
"tfidf_text_children",0,0.0143844988828766
"tfidf_text_circular",0,0.0143844988828766
"tfidf_text_citi",0,0.0143844988828766
"tfidf_text_citizen",0,0.0143844988828766
"tfidf_text_claim",0,0.0143844988828766
"tfidf_text_class",0,0.0143844988828766
"tfidf_text_clear",0,0.0143844988828766
"tfidf_text_clearanc",0,0.0143844988828766
"tfidf_text_click",0,0.0143844988828766
"tfidf_text_clinic",0,0.0143844988828766
"tfidf_text_coin",0,0.0143844988828766
"tfidf_text_collabor",0,0.0143844988828766
"tfidf_text_colleagu",0,0.0143844988828766
"tfidf_text_colorectal",0,0.0143844988828766
"tfidf_text_colorectalsurgeri",0,0.0143844988828766
"tfidf_text_comfort",0,0.0143844988828766
"tfidf_text_commit",0,0.0143844988828766
"tfidf_text_common",0,0.0143844988828766
"tfidf_text_compani",0,0.0143844988828766
"tfidf_text_compar",0,0.0143844988828766
"tfidf_text_competit",0,0.0143844988828766
"tfidf_text_complet",0,0.0143844988828766
"tfidf_text_complex",0,0.0143844988828766
"tfidf_text_complic",0,0.0143844988828766
"tfidf_text_conflictofinterest",0,0.0143844988828766
"tfidf_text_congrat",0,0.0143844988828766
"tfidf_text_congratul",0,0.0143844988828766
"tfidf_text_consum",0,0.0143844988828766
"tfidf_text_continu",0,0.0143844988828766
"tfidf_text_corpor",0,0.0143844988828766
"tfidf_text_cost",0,0.0143844988828766
"tfidf_text_count",0,0.0143844988828766
"tfidf_text_countri",0,0.0143844988828766
"tfidf_text_coupl",0,0.0143844988828766
"tfidf_text_cours",0,0.0143844988828766
"tfidf_text_court",0,0.0143844988828766
"tfidf_text_coverag",0,0.0143844988828766
"tfidf_text_covsharpsafeti",0,0.0143844988828766
"tfidf_text_cri",0,0.0143844988828766
"tfidf_text_current",0,0.0143844988828766
"tfidf_text_dai",0,0.0143844988828766
"tfidf_text_daili",0,0.0143844988828766
"tfidf_text_damag",0,0.0143844988828766
"tfidf_text_data",0,0.0143844988828766
"tfidf_text_date",0,0.0143844988828766
"tfidf_text_deal",0,0.0143844988828766
"tfidf_text_death",0,0.0143844988828766
"tfidf_text_decanav",0,0.0143844988828766
"tfidf_text_decemb",0,0.0143844988828766
"tfidf_text_decept",0,0.0143844988828766
"tfidf_text_definit",0,0.0143844988828766
"tfidf_text_dego",0,0.0143844988828766
"tfidf_text_deliv",0,0.0143844988828766
"tfidf_text_demand",0,0.0143844988828766
"tfidf_text_design",0,0.0143844988828766
"tfidf_text_detail",0,0.0143844988828766
"tfidf_text_develop",0,0.0143844988828766
"tfidf_text_di",0,0.0143844988828766
"tfidf_text_digit",0,0.0143844988828766
"tfidf_text_digitalsurgeri",0,0.0143844988828766
"tfidf_text_direct",0,0.0143844988828766
"tfidf_text_director",0,0.0143844988828766
"tfidf_text_discuss",0,0.0143844988828766
"tfidf_text_diseas",0,0.0143844988828766
"tfidf_text_distributor",0,0.0143844988828766
"tfidf_text_district",0,0.0143844988828766
"tfidf_text_divers",0,0.0143844988828766
"tfidf_text_divis",0,0.0143844988828766
"tfidf_text_doctor",0,0.0143844988828766
"tfidf_text_document",0,0.0143844988828766
"tfidf_text_dogood",0,0.0143844988828766
"tfidf_text_donat",0,0.0143844988828766
"tfidf_text_done",0,0.0143844988828766
"tfidf_text_donor",0,0.0143844988828766
"tfidf_text_dose",0,0.0143844988828766
"tfidf_text_dream",0,0.0143844988828766
"tfidf_text_drug",0,0.0143844988828766
"tfidf_text_earli",0,0.0143844988828766
"tfidf_text_educ",0,0.0143844988828766
"tfidf_text_effect",0,0.0143844988828766
"tfidf_text_effort",0,0.0143844988828766
"tfidf_text_ellen",0,0.0143844988828766
"tfidf_text_emerg",0,0.0143844988828766
"tfidf_text_employe",0,0.0143844988828766
"tfidf_text_endors",0,0.0143844988828766
"tfidf_text_endoscopi",0,0.0143844988828766
"tfidf_text_enjoi",0,0.0143844988828766
"tfidf_text_enough",0,0.0143844988828766
"tfidf_text_epidem",0,0.0143844988828766
"tfidf_text_episod",0,0.0143844988828766
"tfidf_text_especi",0,0.0143844988828766
"tfidf_text_ethiconcanada",0,0.0143844988828766
"tfidf_text_euro",0,0.0143844988828766
"tfidf_text_europ",0,0.0143844988828766
"tfidf_text_eustachian",0,0.0143844988828766
"tfidf_text_even",0,0.0143844988828766
"tfidf_text_event",0,0.0143844988828766
"tfidf_text_ever",0,0.0143844988828766
"tfidf_text_everi",0,0.0143844988828766
"tfidf_text_everyon",0,0.0143844988828766
"tfidf_text_evfm",0,0.0143844988828766
"tfidf_text_exampl",0,0.0143844988828766
"tfidf_text_excel",0,0.0143844988828766
"tfidf_text_excit",0,0.0143844988828766
"tfidf_text_execut",0,0.0143844988828766
"tfidf_text_experi",0,0.0143844988828766
"tfidf_text_experiment",0,0.0143844988828766
"tfidf_text_expert",0,0.0143844988828766
"tfidf_text_extend",0,0.0143844988828766
"tfidf_text_fact",0,0.0143844988828766
"tfidf_text_fall",0,0.0143844988828766
"tfidf_text_famili",0,0.0143844988828766
"tfidf_text_fan",0,0.0143844988828766
"tfidf_text_fantast",0,0.0143844988828766
"tfidf_text_faulti",0,0.0143844988828766
"tfidf_text_favorit",0,0.0143844988828766
"tfidf_text_fcgd",0,0.0143844988828766
"tfidf_text_feder",0,0.0143844988828766
"tfidf_text_feedback",0,0.0143844988828766
"tfidf_text_feel",0,0.0143844988828766
"tfidf_text_fellow",0,0.0143844988828766
"tfidf_text_fibril",0,0.0143844988828766
"tfidf_text_file",0,0.0143844988828766
"tfidf_text_final",0,0.0143844988828766
"tfidf_text_financialinclus",0,0.0143844988828766
"tfidf_text_find",0,0.0143844988828766
"tfidf_text_fine",0,0.0143844988828766
"tfidf_text_first",0,0.0143844988828766
"tfidf_text_flight",0,0.0143844988828766
"tfidf_text_fly",0,0.0143844988828766
"tfidf_text_follow",0,0.0143844988828766
"tfidf_text_forev",0,0.0143844988828766
"tfidf_text_former",0,0.0143844988828766
"tfidf_text_forth",0,0.0143844988828766
"tfidf_text_forward",0,0.0143844988828766
"tfidf_text_found",0,0.0143844988828766
"tfidf_text_foundat",0,0.0143844988828766
"tfidf_text_fraud",0,0.0143844988828766
"tfidf_text_free",0,0.0143844988828766
"tfidf_text_fridai",0,0.0143844988828766
"tfidf_text_friend",0,0.0143844988828766
"tfidf_text_frustrat",0,0.0143844988828766
"tfidf_text_full",0,0.0143844988828766
"tfidf_text_fund",0,0.0143844988828766
"tfidf_text_fundrais",0,0.0143844988828766
"tfidf_text_futur",0,0.0143844988828766
"tfidf_text_gener",0,0.0143844988828766
"tfidf_text_get",0,0.0143844988828766
"tfidf_text_girl",0,0.0143844988828766
"tfidf_text_give",0,0.0143844988828766
"tfidf_text_global",0,0.0143844988828766
"tfidf_text_go",0,0.0143844988828766
"tfidf_text_good",0,0.0143844988828766
"tfidf_text_gorski",0,0.0143844988828766
"tfidf_text_grant",0,0.0143844988828766
"tfidf_text_grate",0,0.0143844988828766
"tfidf_text_great",0,0.0143844988828766
"tfidf_text_group",0,0.0143844988828766
"tfidf_text_growth",0,0.0143844988828766
"tfidf_text_guis",0,0.0143844988828766
"tfidf_text_gwen",0,0.0143844988828766
"tfidf_text_gynecar",0,0.0143844988828766
"tfidf_text_happi",0,0.0143844988828766
"tfidf_text_hard",0,0.0143844988828766
"tfidf_text_harleyrouda",0,0.0143844988828766
"tfidf_text_harm",0,0.0143844988828766
"tfidf_text_head",0,0.0143844988828766
"tfidf_text_health",0,0.0143844988828766
"tfidf_text_healthcar",0,0.0143844988828766
"tfidf_text_hear",0,0.0143844988828766
"tfidf_text_heart",0,0.0143844988828766
"tfidf_text_heir",0,0.0143844988828766
"tfidf_text_help",0,0.0143844988828766
"tfidf_text_hemostat",0,0.0143844988828766
"tfidf_text_hier",0,0.0143844988828766
"tfidf_text_high",0,0.0143844988828766
"tfidf_text_histori",0,0.0143844988828766
"tfidf_text_home",0,0.0143844988828766
"tfidf_text_honor",0,0.0143844988828766
"tfidf_text_hope",0,0.0143844988828766
"tfidf_text_hospit",0,0.0143844988828766
"tfidf_text_hour",0,0.0143844988828766
"tfidf_text_howev",0,0.0143844988828766
"tfidf_text_huge",0,0.0143844988828766
"tfidf_text_human",0,0.0143844988828766
"tfidf_text_humanheadlin",0,0.0143844988828766
"tfidf_text_humanright",0,0.0143844988828766
"tfidf_text_hundr",0,0.0143844988828766
"tfidf_text_icijorg",0,0.0143844988828766
"tfidf_text_idea",0,0.0143844988828766
"tfidf_text_idex",0,0.0143844988828766
"tfidf_text_immdsreview",0,0.0143844988828766
"tfidf_text_impact",0,0.0143844988828766
"tfidf_text_import",0,0.0143844988828766
"tfidf_text_improv",0,0.0143844988828766
"tfidf_text_includ",0,0.0143844988828766
"tfidf_text_incred",0,0.0143844988828766
"tfidf_text_industri",0,0.0143844988828766
"tfidf_text_infect",0,0.0143844988828766
"tfidf_text_info",0,0.0143844988828766
"tfidf_text_inforillc",0,0.0143844988828766
"tfidf_text_inform",0,0.0143844988828766
"tfidf_text_inhuman",0,0.0143844988828766
"tfidf_text_initi",0,0.0143844988828766
"tfidf_text_injur",0,0.0143844988828766
"tfidf_text_injuri",0,0.0143844988828766
"tfidf_text_innov",0,0.0143844988828766
"tfidf_text_insight",0,0.0143844988828766
"tfidf_text_inspir",0,0.0143844988828766
"tfidf_text_instead",0,0.0143844988828766
"tfidf_text_institut",0,0.0143844988828766
"tfidf_text_insur",0,0.0143844988828766
"tfidf_text_intc",0,0.0143844988828766
"tfidf_text_interest",0,0.0143844988828766
"tfidf_text_intern",0,0.0143844988828766
"tfidf_text_introduc",0,0.0143844988828766
"tfidf_text_intuitivesurg",0,0.0143844988828766
"tfidf_text_investor",0,0.0143844988828766
"tfidf_text_ipof",0,0.0143844988828766
"tfidf_text_irrepar",0,0.0143844988828766
"tfidf_text_island",0,0.0143844988828766
"tfidf_text_israel",0,0.0143844988828766
"tfidf_text_jab",0,0.0143844988828766
"tfidf_text_janssen",0,0.0143844988828766
"tfidf_text_janssenglob",0,0.0143844988828766
"tfidf_text_jennif",0,0.0143844988828766
"tfidf_text_jnjcare",0,0.0143844988828766
"tfidf_text_jnjglobalhealth",0,0.0143844988828766
"tfidf_text_jnjinnov",0,0.0143844988828766
"tfidf_text_jnjinstitut",0,0.0143844988828766
"tfidf_text_jnjnew",0,0.0143844988828766
"tfidf_text_johnson",0,0.0143844988828766
"tfidf_text_johnsonandjohnson",0,0.0143844988828766
"tfidf_text_join",0,0.0143844988828766
"tfidf_text_journei",0,0.0143844988828766
"tfidf_text_judg",0,0.0143844988828766
"tfidf_text_justic",0,0.0143844988828766
"tfidf_text_jyaeppspjh",0,0.0143844988828766
"tfidf_text_jzxn",0,0.0143844988828766
"tfidf_text_keep",0,0.0143844988828766
"tfidf_text_kit",0,0.0143844988828766
"tfidf_text_knew",0,0.0143844988828766
"tfidf_text_know",0,0.0143844988828766
"tfidf_text_knowledg",0,0.0143844988828766
"tfidf_text_kobe",0,0.0143844988828766
"tfidf_text_laparoscop",0,0.0143844988828766
"tfidf_text_last",0,0.0143844988828766
"tfidf_text_later",0,0.0143844988828766
"tfidf_text_latest",0,0.0143844988828766
"tfidf_text_launch",0,0.0143844988828766
"tfidf_text_lead",0,0.0143844988828766
"tfidf_text_leader",0,0.0143844988828766
"tfidf_text_leadership",0,0.0143844988828766
"tfidf_text_leak",0,0.0143844988828766
"tfidf_text_learn",0,0.0143844988828766
"tfidf_text_least",0,0.0143844988828766
"tfidf_text_leav",0,0.0143844988828766
"tfidf_text_left",0,0.0143844988828766
"tfidf_text_legal",0,0.0143844988828766
"tfidf_text_lens",0,0.0143844988828766
"tfidf_text_less",0,0.0143844988828766
"tfidf_text_leverag",0,0.0143844988828766
"tfidf_text_lgtt",0,0.0143844988828766
"tfidf_text_liabil",0,0.0143844988828766
"tfidf_text_life",0,0.0143844988828766
"tfidf_text_like",0,0.0143844988828766
"tfidf_text_line",0,0.0143844988828766
"tfidf_text_link",0,0.0143844988828766
"tfidf_text_list",0,0.0143844988828766
"tfidf_text_litig",0,0.0143844988828766
"tfidf_text_littl",0,0.0143844988828766
"tfidf_text_live",0,0.0143844988828766
"tfidf_text_long",0,0.0143844988828766
"tfidf_text_lose",0,0.0143844988828766
"tfidf_text_loss",0,0.0143844988828766
"tfidf_text_lost",0,0.0143844988828766
"tfidf_text_lung",0,0.0143844988828766
"tfidf_text_lunghealth",0,0.0143844988828766
"tfidf_text_made",0,0.0143844988828766
"tfidf_text_mafiamedicin",0,0.0143844988828766
"tfidf_text_major",0,0.0143844988828766
"tfidf_text_make",0,0.0143844988828766
"tfidf_text_manag",0,0.0143844988828766
"tfidf_text_manch",0,0.0143844988828766
"tfidf_text_mani",0,0.0143844988828766
"tfidf_text_manual",0,0.0143844988828766
"tfidf_text_march",0,0.0143844988828766
"tfidf_text_mark",0,0.0143844988828766
"tfidf_text_market",0,0.0143844988828766
"tfidf_text_mask",0,0.0143844988828766
"tfidf_text_matt",0,0.0143844988828766
"tfidf_text_mean",0,0.0143844988828766
"tfidf_text_meddevic",0,0.0143844988828766
"tfidf_text_medicin",0,0.0143844988828766
"tfidf_text_meet",0,0.0143844988828766
"tfidf_text_member",0,0.0143844988828766
"tfidf_text_meshawarenessau",0,0.0143844988828766
"tfidf_text_meshcampaign",0,0.0143844988828766
"tfidf_text_mexico",0,0.0143844988828766
"tfidf_text_microsoft",0,0.0143844988828766
"tfidf_text_microwaveabl",0,0.0143844988828766
"tfidf_text_might",0,0.0143844988828766
"tfidf_text_million",0,0.0143844988828766
"tfidf_text_minimallyinvasivesurgeri",0,0.0143844988828766
"tfidf_text_minut",0,0.0143844988828766
"tfidf_text_miss",0,0.0143844988828766
"tfidf_text_missi",0,0.0143844988828766
"tfidf_text_modul",0,0.0143844988828766
"tfidf_text_moment",0,0.0143844988828766
"tfidf_text_mondai",0,0.0143844988828766
"tfidf_text_monei",0,0.0143844988828766
"tfidf_text_month",0,0.0143844988828766
"tfidf_text_morn",0,0.0143844988828766
"tfidf_text_move",0,0.0143844988828766
"tfidf_text_mre",0,0.0143844988828766
"tfidf_text_much",0,0.0143844988828766
"tfidf_text_must",0,0.0143844988828766
"tfidf_text_mycompani",0,0.0143844988828766
"tfidf_text_nakd",0,0.0143844988828766
"tfidf_text_name",0,0.0143844988828766
"tfidf_text_nearli",0,0.0143844988828766
"tfidf_text_need",0,0.0143844988828766
"tfidf_text_never",0,0.0143844988828766
"tfidf_text_new",0,0.0143844988828766
"tfidf_text_newyorkstateag",0,0.0143844988828766
"tfidf_text_next",0,0.0143844988828766
"tfidf_text_nftart",0,0.0143844988828766
"tfidf_text_nice",0,0.0143844988828766
"tfidf_text_nkla",0,0.0143844988828766
"tfidf_text_nnvc",0,0.0143844988828766
"tfidf_text_noth",0,0.0143844988828766
"tfidf_text_number",0,0.0143844988828766
"tfidf_text_nurs",0,0.0143844988828766
"tfidf_text_occur",0,0.0143844988828766
"tfidf_text_offer",0,0.0143844988828766
"tfidf_text_onlin",0,0.0143844988828766
"tfidf_text_open",0,0.0143844988828766
"tfidf_text_opioid",0,0.0143844988828766
"tfidf_text_opportun",0,0.0143844988828766
"tfidf_text_oral",0,0.0143844988828766
"tfidf_text_order",0,0.0143844988828766
"tfidf_text_oregon",0,0.0143844988828766
"tfidf_text_organ",0,0.0143844988828766
"tfidf_text_orthoped",0,0.0143844988828766
"tfidf_text_other",0,0.0143844988828766
"tfidf_text_ottava",0,0.0143844988828766
"tfidf_text_outcom",0,0.0143844988828766
"tfidf_text_pack",0,0.0143844988828766
"tfidf_text_pain",0,0.0143844988828766
"tfidf_text_pandem",0,0.0143844988828766
"tfidf_text_part",0,0.0143844988828766
"tfidf_text_partner",0,0.0143844988828766
"tfidf_text_partnership",0,0.0143844988828766
"tfidf_text_patent",0,0.0143844988828766
"tfidf_text_patient",0,0.0143844988828766
"tfidf_text_penn",0,0.0143844988828766
"tfidf_text_pennsylvania",0,0.0143844988828766
"tfidf_text_perfect",0,0.0143844988828766
"tfidf_text_perl",0,0.0143844988828766
"tfidf_text_perman",0,0.0143844988828766
"tfidf_text_persist",0,0.0143844988828766
"tfidf_text_person",0,0.0143844988828766
"tfidf_text_petroleum",0,0.0143844988828766
"tfidf_text_pharma",0,0.0143844988828766
"tfidf_text_pharmaceut",0,0.0143844988828766
"tfidf_text_pharmiweb",0,0.0143844988828766
"tfidf_text_philip",0,0.0143844988828766
"tfidf_text_photo",0,0.0143844988828766
"tfidf_text_physician",0,0.0143844988828766
"tfidf_text_physiomesh",0,0.0143844988828766
"tfidf_text_place",0,0.0143844988828766
"tfidf_text_plai",0,0.0143844988828766
"tfidf_text_plan",0,0.0143844988828766
"tfidf_text_plastic",0,0.0143844988828766
"tfidf_text_platform",0,0.0143844988828766
"tfidf_text_player",0,0.0143844988828766
"tfidf_text_pleas",0,0.0143844988828766
"tfidf_text_pltn",0,0.0143844988828766
"tfidf_text_plu",0,0.0143844988828766
"tfidf_text_podcast",0,0.0143844988828766
"tfidf_text_point",0,0.0143844988828766
"tfidf_text_pola",0,0.0143844988828766
"tfidf_text_polici",0,0.0143844988828766
"tfidf_text_polit",0,0.0143844988828766
"tfidf_text_polkadot",0,0.0143844988828766
"tfidf_text_portfolio",0,0.0143844988828766
"tfidf_text_posit",0,0.0143844988828766
"tfidf_text_possibl",0,0.0143844988828766
"tfidf_text_post",0,0.0143844988828766
"tfidf_text_potenti",0,0.0143844988828766
"tfidf_text_preciss",0,0.0143844988828766
"tfidf_text_presid",0,0.0143844988828766
"tfidf_text_prevent",0,0.0143844988828766
"tfidf_text_price",0,0.0143844988828766
"tfidf_text_prime",0,0.0143844988828766
"tfidf_text_profit",0,0.0143844988828766
"tfidf_text_programm",0,0.0143844988828766
"tfidf_text_project",0,0.0143844988828766
"tfidf_text_prolaps",0,0.0143844988828766
"tfidf_text_prolift",0,0.0143844988828766
"tfidf_text_protect",0,0.0143844988828766
"tfidf_text_provid",0,0.0143844988828766
"tfidf_text_public",0,0.0143844988828766
"tfidf_text_publish",0,0.0143844988828766
"tfidf_text_qfin",0,0.0143844988828766
"tfidf_text_qualiti",0,0.0143844988828766
"tfidf_text_question",0,0.0143844988828766
"tfidf_text_racism",0,0.0143844988828766
"tfidf_text_rais",0,0.0143844988828766
"tfidf_text_ramp",0,0.0143844988828766
"tfidf_text_rare",0,0.0143844988828766
"tfidf_text_rate",0,0.0143844988828766
"tfidf_text_read",0,0.0143844988828766
"tfidf_text_readi",0,0.0143844988828766
"tfidf_text_real",0,0.0143844988828766
"tfidf_text_realdonaldtrump",0,0.0143844988828766
"tfidf_text_realli",0,0.0143844988828766
"tfidf_text_reason",0,0.0143844988828766
"tfidf_text_receiv",0,0.0143844988828766
"tfidf_text_recent",0,0.0143844988828766
"tfidf_text_record",0,0.0143844988828766
"tfidf_text_reduct",0,0.0143844988828766
"tfidf_text_regardless",0,0.0143844988828766
"tfidf_text_regist",0,0.0143844988828766
"tfidf_text_reinforc",0,0.0143844988828766
"tfidf_text_relat",0,0.0143844988828766
"tfidf_text_renal",0,0.0143844988828766
"tfidf_text_rep",0,0.0143844988828766
"tfidf_text_replac",0,0.0143844988828766
"tfidf_text_report",0,0.0143844988828766
"tfidf_text_research",0,0.0143844988828766
"tfidf_text_result",0,0.0143844988828766
"tfidf_text_retali",0,0.0143844988828766
"tfidf_text_return",0,0.0143844988828766
"tfidf_text_right",0,0.0143844988828766
"tfidf_text_rise",0,0.0143844988828766
"tfidf_text_risk",0,0.0143844988828766
"tfidf_text_robert",0,0.0143844988828766
"tfidf_text_role",0,0.0143844988828766
"tfidf_text_rosenblum",0,0.0143844988828766
"tfidf_text_safe",0,0.0143844988828766
"tfidf_text_safeicaru",0,0.0143844988828766
"tfidf_text_safeti",0,0.0143844988828766
"tfidf_text_sai",0,0.0143844988828766
"tfidf_text_said",0,0.0143844988828766
"tfidf_text_sale",0,0.0143844988828766
"tfidf_text_save",0,0.0143844988828766
"tfidf_text_scene",0,0.0143844988828766
"tfidf_text_school",0,0.0143844988828766
"tfidf_text_scienc",0,0.0143844988828766
"tfidf_text_scientif",0,0.0143844988828766
"tfidf_text_secur",0,0.0143844988828766
"tfidf_text_see",0,0.0143844988828766
"tfidf_text_sell",0,0.0143844988828766
"tfidf_text_send",0,0.0143844988828766
"tfidf_text_septemb",0,0.0143844988828766
"tfidf_text_seri",0,0.0143844988828766
"tfidf_text_serialkillerceo",0,0.0143844988828766
"tfidf_text_session",0,0.0143844988828766
"tfidf_text_settlement",0,0.0143844988828766
"tfidf_text_sever",0,0.0143844988828766
"tfidf_text_share",0,0.0143844988828766
"tfidf_text_shll",0,0.0143844988828766
"tfidf_text_short",0,0.0143844988828766
"tfidf_text_shot",0,0.0143844988828766
"tfidf_text_shout",0,0.0143844988828766
"tfidf_text_show",0,0.0143844988828766
"tfidf_text_sick",0,0.0143844988828766
"tfidf_text_sign",0,0.0143844988828766
"tfidf_text_sinc",0,0.0143844988828766
"tfidf_text_sinu",0,0.0143844988828766
"tfidf_text_site",0,0.0143844988828766
"tfidf_text_size",0,0.0143844988828766
"tfidf_text_skill",0,0.0143844988828766
"tfidf_text_skin",0,0.0143844988828766
"tfidf_text_sling",0,0.0143844988828766
"tfidf_text_small",0,0.0143844988828766
"tfidf_text_smarttouch",0,0.0143844988828766
"tfidf_text_smithnephew",0,0.0143844988828766
"tfidf_text_smoke",0,0.0143844988828766
"tfidf_text_social",0,0.0143844988828766
"tfidf_text_soft",0,0.0143844988828766
"tfidf_text_solut",0,0.0143844988828766
"tfidf_text_someon",0,0.0143844988828766
"tfidf_text_someth",0,0.0143844988828766
"tfidf_text_soon",0,0.0143844988828766
"tfidf_text_southern",0,0.0143844988828766
"tfidf_text_southwest",0,0.0143844988828766
"tfidf_text_space",0,0.0143844988828766
"tfidf_text_spce",0,0.0143844988828766
"tfidf_text_speaker",0,0.0143844988828766
"tfidf_text_special",0,0.0143844988828766
"tfidf_text_spine",0,0.0143844988828766
"tfidf_text_split",0,0.0143844988828766
"tfidf_text_staff",0,0.0143844988828766
"tfidf_text_start",0,0.0143844988828766
"tfidf_text_startup",0,0.0143844988828766
"tfidf_text_state",0,0.0143844988828766
"tfidf_text_stem",0,0.0143844988828766
"tfidf_text_still",0,0.0143844988828766
"tfidf_text_stop",0,0.0143844988828766
"tfidf_text_stori",0,0.0143844988828766
"tfidf_text_strengthen",0,0.0143844988828766
"tfidf_text_stroke",0,0.0143844988828766
"tfidf_text_student",0,0.0143844988828766
"tfidf_text_style",0,0.0143844988828766
"tfidf_text_subsidiari",0,0.0143844988828766
"tfidf_text_success",0,0.0143844988828766
"tfidf_text_suffer",0,0.0143844988828766
"tfidf_text_summer",0,0.0143844988828766
"tfidf_text_suppli",0,0.0143844988828766
"tfidf_text_support",0,0.0143844988828766
"tfidf_text_suprem",0,0.0143844988828766
"tfidf_text_sure",0,0.0143844988828766
"tfidf_text_surgicaleduc",0,0.0143844988828766
"tfidf_text_surgonom",0,0.0143844988828766
"tfidf_text_symposium",0,0.0143844988828766
"tfidf_text_synth",0,0.0143844988828766
"tfidf_text_take",0,0.0143844988828766
"tfidf_text_talentforgood",0,0.0143844988828766
"tfidf_text_talk",0,0.0143844988828766
"tfidf_text_tape",0,0.0143844988828766
"tfidf_text_target",0,0.0143844988828766
"tfidf_text_tblt",0,0.0143844988828766
"tfidf_text_tdac",0,0.0143844988828766
"tfidf_text_team",0,0.0143844988828766
"tfidf_text_tech",0,0.0143844988828766
"tfidf_text_techniqu",0,0.0143844988828766
"tfidf_text_telemedicin",0,0.0143844988828766
"tfidf_text_thank",0,0.0143844988828766
"tfidf_text_theatr",0,0.0143844988828766
"tfidf_text_therapi",0,0.0143844988828766
"tfidf_text_thermocool",0,0.0143844988828766
"tfidf_text_thing",0,0.0143844988828766
"tfidf_text_think",0,0.0143844988828766
"tfidf_text_thousand",0,0.0143844988828766
"tfidf_text_thread",0,0.0143844988828766
"tfidf_text_three",0,0.0143844988828766
"tfidf_text_tlry",0,0.0143844988828766
"tfidf_text_todai",0,0.0143844988828766
"tfidf_text_togeth",0,0.0143844988828766
"tfidf_text_told",0,0.0143844988828766
"tfidf_text_tomorrow",0,0.0143844988828766
"tfidf_text_tonight",0,0.0143844988828766
"tfidf_text_took",0,0.0143844988828766
"tfidf_text_tool",0,0.0143844988828766
"tfidf_text_total",0,0.0143844988828766
"tfidf_text_toward",0,0.0143844988828766
"tfidf_text_tradingview",0,0.0143844988828766
"tfidf_text_train",0,0.0143844988828766
"tfidf_text_traine",0,0.0143844988828766
"tfidf_text_transvagin",0,0.0143844988828766
"tfidf_text_travel",0,0.0143844988828766
"tfidf_text_treat",0,0.0143844988828766
"tfidf_text_treatment",0,0.0143844988828766
"tfidf_text_trial",0,0.0143844988828766
"tfidf_text_true",0,0.0143844988828766
"tfidf_text_trust",0,0.0143844988828766
"tfidf_text_truth",0,0.0143844988828766
"tfidf_text_try",0,0.0143844988828766
"tfidf_text_tsnp",0,0.0143844988828766
"tfidf_text_tube",0,0.0143844988828766
"tfidf_text_tune",0,0.0143844988828766
"tfidf_text_twitter",0,0.0143844988828766
"tfidf_text_type",0,0.0143844988828766
"tfidf_text_unit",0,0.0143844988828766
"tfidf_text_univers",0,0.0143844988828766
"tfidf_text_updat",0,0.0143844988828766
"tfidf_text_upheld",0,0.0143844988828766
"tfidf_text_upon",0,0.0143844988828766
"tfidf_text_urologi",0,0.0143844988828766
"tfidf_text_usdc",0,0.0143844988828766
"tfidf_text_vagin",0,0.0143844988828766
"tfidf_text_valu",0,0.0143844988828766
"tfidf_text_ventil",0,0.0143844988828766
"tfidf_text_verdict",0,0.0143844988828766
"tfidf_text_version",0,0.0143844988828766
"tfidf_text_veterinari",0,0.0143844988828766
"tfidf_text_victim",0,0.0143844988828766
"tfidf_text_video",0,0.0143844988828766
"tfidf_text_view",0,0.0143844988828766
"tfidf_text_virtual",0,0.0143844988828766
"tfidf_text_vision",0,0.0143844988828766
"tfidf_text_visit",0,0.0143844988828766
"tfidf_text_voic",0,0.0143844988828766
"tfidf_text_wai",0,0.0143844988828766
"tfidf_text_wait",0,0.0143844988828766
"tfidf_text_want",0,0.0143844988828766
"tfidf_text_watch",0,0.0143844988828766
"tfidf_text_water",0,0.0143844988828766
"tfidf_text_wave",0,0.0143844988828766
"tfidf_text_webinar",0,0.0143844988828766
"tfidf_text_webster",0,0.0143844988828766
"tfidf_text_wed",0,0.0143844988828766
"tfidf_text_week",0,0.0143844988828766
"tfidf_text_weight",0,0.0143844988828766
"tfidf_text_welcom",0,0.0143844988828766
"tfidf_text_well",0,0.0143844988828766
"tfidf_text_west",0,0.0143844988828766
"tfidf_text_whether",0,0.0143844988828766
"tfidf_text_white",0,0.0143844988828766
"tfidf_text_wink",0,0.0143844988828766
"tfidf_text_within",0,0.0143844988828766
"tfidf_text_without",0,0.0143844988828766
"tfidf_text_woman",0,0.0143844988828766
"tfidf_text_woodi",0,0.0143844988828766
"tfidf_text_word",0,0.0143844988828766
"tfidf_text_work",0,0.0143844988828766
"tfidf_text_world",0,0.0143844988828766
"tfidf_text_worldwid",0,0.0143844988828766
"tfidf_text_wound",0,0.0143844988828766
"tfidf_text_xcad",0,0.0143844988828766
"tfidf_text_xtrm",0,0.0143844988828766
"tfidf_text_young",0,0.0143844988828766
"tfidf_text_youth",0,0.0143844988828766
"tfidf_text_youtub",0,0.0143844988828766
"tfidf_text_just",-0.0162875638590698,0.0143844988828766
"tfidf_text_back",-0.0324810707353531,0.0143844988828766
"tfidf_text_proud",-0.0338494131031977,0.0143844988828766
"tfidf_text_love",-0.0569952329812331,0.0143844988828766
"tfidf_text_look",-0.069439021267133,0.0143844988828766
"tfidf_text_program",-0.154018210901139,0.0143844988828766
"tfidf_text_time",-0.164316149285779,0.0143844988828766
"tfidf_text_peopl",-0.167772623361278,0.0143844988828766
"tfidf_text_come",-0.189733001575275,0.0143844988828766
"tfidf_text_jack",-0.332506009135413,0.0143844988828766
"tfidf_text_year",-0.419319760624338,0.0143844988828766
"tfidf_text_commun",-0.542425485653588,0.0143844988828766
"tfidf_text_food",-0.604629400331488,0.0143844988828766
"(Intercept)",-1.55296726527793,0.0143844988828766
"tfidf_text_uon",-3.63853872930609,0.0143844988828766
